22460
22418
22418
22418
22459
20147
22461
22453
22130
22466
22472
22228
20188
17375
17375
17375
22473
22112
22478
21529
22480
22481
22485
4382
21173
22495
20355
22499
18156
13498
11672
13942
13942
13942
13942
13942
14315
14047
14047
15751
22510
22511
22516
22517
12897
21471
22497
22530
22529
21222
22532
22304
22304
22304
13812
22533
22536
687
21506
21506
21506
21506
21506
22546
22549
22558
22559
22560
22561
22563
22564
4005
22569
22568
22572
18568
22576
22575
22577
22578
22579
22582
22583
22580
22585
22586
22588
22589
22592
22596
22384
22600
22599
9646
14886
22602
22604
22603
22605
22227
22606
22608
22081
22609
22615
22615
22616
22622
22621
22624
22625
22631
22632
22199
22295
21855
22639
22640
22641
22642
22029
22076
22656
22659
22660
20760
22662
21166
20075
22663
644
22664
22668
22670
616
22670
20955
3702
22673
22675
22676
22678
22679
22680
22681
22690
22689
17535
22687
22691
21873
19641
22682
17721
22693
22694
22695
22696
22701
22708
22707
22706
22709
22710
22205
22711
22712
17852
20064
14711
22717
22718
22721
22722
22723
22739
22744
22747
22155
22755
22761
22763
22764
22768
22771
22774
22778
22779
22780
22781
22782
22784
22791
22794
22795
22801
22804
22805
22806
22803
22802
22809
22812
22813
22826
22823
22832
22833
22835
22834
22385
22836
21702
22841
22842
22845
22851
22856
2445
22862
22863
22864
633
22868
22871
22873
22250
22881
22886
22887
22888
22890
22891
22892
22893
22896
22897
22904
22905
22909
22909
22908
22906
22915
22916
22918
19799
21420
22925
22927
22928
22929
22933
22934
22935
22936
22937
22938
22944
22945
22946
22947
22948
22949
22952
22951
21905
22145
22953
22954
22956
22955
22957
21482
22958
22959
22961
22962
22963
22965
22967
22960
22969
22972
22973
22974
22976
22977
22978
22979
22980
22981
22982
22983
22984
22985
22986
22987
22988
22989
22989
22990
22991
22993
22994
1440
22997
22998
22999
23000
23002
23003
23006
23007
23008
23009
23010
23011
23013
23014
23016
22157
17273
23020
23019
22322
21348
23018
22440
23021
23022
23023
23024
1354
23025
23026
23027
23030
22059
23029
23028
22203
23031
23034
23037
22405
23038
23039
23040
22054
21544
23043
23044
6521
23045
23046
23047
23048
23049
23050
23051
23052
23053
23054
23055
23057
23061
23063
23064
23065
23066
23068
23067
23069
23070
23071
23075
23076
23077
21742
23079
23080
23082
23083
23084
